Accuracy 0.93
1000	10	1	5	0	72048
Accuracy 0.93
1000	10	2	5	0	36649
Accuracy 0.93
1000	10	4	5	0	17938
Accuracy 0.908
1000	10	8	5	0	16932
Accuracy 0.93
1000	10	16	5	0	43091
Accuracy 0.931
1000	10	32	5	0	20342
Accuracy 0.957
1000	100	1	5	0	728143
Accuracy 0.957
1000	100	2	5	0	365535
Accuracy 0.92
1000	100	4	5	0	149575
Accuracy 0.957
1000	100	8	5	0	94871
Accuracy 0.956
1000	100	16	5	0	100729
Accuracy 0.905
1000	100	32	5	0	91805
Accuracy 0.884
1000	1000	1	5	7	229448
Accuracy 0.884
1000	1000	2	5	3	130965
Accuracy 0.849
1000	1000	4	5	1	727860
Accuracy 0.849
1000	1000	8	5	0	718678
Accuracy 0.884
1000	1000	16	5	0	647014
Accuracy 0.884
1000	1000	32	5	0	659533
Accuracy 0.8722
10000	10	1	5	29	88416
Accuracy 0.8722
10000	10	2	5	11	344708
Accuracy 0.8722
10000	10	4	5	8	117695
Accuracy 0.8722
10000	10	8	5	5	68612
Accuracy 0.8894
10000	10	16	5	3	122239
Accuracy 0.8722
10000	10	32	5	2	182653
Accuracy 0.9257
10000	100	1	5	305	798321
Accuracy 0.9257
10000	100	2	5	139	772447
Accuracy 0.9257
10000	100	4	5	58	940761
Accuracy 0.9257
10000	100	8	5	32	317904
Accuracy 0.9257
10000	100	16	5	17	247931
Accuracy 0.8241
10000	100	32	5	19	458813
Accuracy 0.8686
10000	1000	1	5	3062	593527
Accuracy 0.8686
10000	1000	2	5	1226	539489
Accuracy 0.8686
10000	1000	4	5	658	313956
Accuracy 0.8686
10000	1000	8	5	287	956427
Accuracy 0.8682
10000	1000	16	5	224	412220
Accuracy 0.8686
10000	1000	32	5	146	95619
Accuracy 0.93
1000	10	1	5	0	72073
Accuracy 0.93
1000	10	2	5	0	36409
Accuracy 0.93
1000	10	4	5	0	20100
Accuracy 0.908
1000	10	8	5	0	13771
Accuracy 0.93
1000	10	16	5	0	66372
Accuracy 0.919
1000	10	32	5	0	15688
Accuracy 0.957
1000	100	1	5	0	728292
Accuracy 0.956
1000	100	2	5	0	309459
Accuracy 0.904
1000	100	4	5	0	141190
Accuracy 0.904
1000	100	8	5	0	169487
Accuracy 0.904
1000	100	16	5	0	106714
Accuracy 0.954
1000	100	32	5	0	98157
Accuracy 0.884
1000	1000	1	5	7	230543
Accuracy 0.884
1000	1000	2	5	3	541633
Accuracy 0.884
1000	1000	4	5	1	692891
Accuracy 0.888
1000	1000	8	5	0	732513
Accuracy 0.884
1000	1000	16	5	0	672672
Accuracy 0.888
1000	1000	32	5	0	649040
Accuracy 0.8722
10000	10	1	5	29	69570
Accuracy 0.8722
10000	10	2	5	11	184938
Accuracy 0.8722
10000	10	4	5	6	890801
Accuracy 0.8722
10000	10	8	5	5	90920
Accuracy 0.8718
10000	10	16	5	7	146566
Accuracy 0.868
10000	10	32	5	2	834780
Accuracy 0.9257
10000	100	1	5	305	875051
Accuracy 0.9257
10000	100	2	5	153	449035
Accuracy 0.9257
10000	100	4	5	67	647389
Accuracy 0.9257
10000	100	8	5	36	109174
Accuracy 0.9071
10000	100	16	5	23	116372
Accuracy 0.8989
10000	100	32	5	15	728239
Accuracy 0.8686
10000	1000	1	5	3062	184388
Accuracy 0.8686
10000	1000	2	5	1531	474823
Accuracy 0.8686
10000	1000	4	5	584	598488
Accuracy 0.8686
10000	1000	8	5	317	362396
Accuracy 0.8573
10000	1000	16	5	215	394273
Accuracy 0.8686
10000	1000	32	5	138	282146
Accuracy 0.93
1000	10	1	5	0	72096
Accuracy 0.93
1000	10	2	5	0	36534
Accuracy 0.93
1000	10	4	5	0	21462
Accuracy 0.923
1000	10	8	5	0	14382
Accuracy 0.904
1000	10	16	5	0	70109
Accuracy 0.93
1000	10	32	5	0	17562
Accuracy 0.957
1000	100	1	5	0	728101
Accuracy 0.907
1000	100	2	5	0	309319
Accuracy 0.957
1000	100	4	5	0	248964
Accuracy 0.889
1000	100	8	5	0	178202
Accuracy 0.957
1000	100	16	5	0	89230
Accuracy 0.904
1000	100	32	5	0	92085
Accuracy 0.884
1000	1000	1	5	7	231989
Accuracy 0.884
1000	1000	2	5	3	620607
Accuracy 0.884
1000	1000	4	5	2	28487
Accuracy 0.884
1000	1000	8	5	0	754036
Accuracy 0.883
1000	1000	16	5	0	732894
Accuracy 0.883
1000	1000	32	5	0	673510
Accuracy 0.8722
10000	10	1	5	29	83372
Accuracy 0.8712
10000	10	2	5	15	484073
Accuracy 0.8722
10000	10	4	5	6	488990
Accuracy 0.8722
10000	10	8	5	4	319893
Accuracy 0.868
10000	10	16	5	3	464040
Accuracy 0.8722
10000	10	32	5	3	415797
Accuracy 0.9257
10000	100	1	5	305	818286
Accuracy 0.9242
10000	100	2	5	121	360344
Accuracy 0.9136
10000	100	4	5	59	318516
Accuracy 0.9222
10000	100	8	5	33	875476
Accuracy 0.9095
10000	100	16	5	17	614179
Accuracy 0.8889
10000	100	32	5	14	706374
Accuracy 0.8686
10000	1000	1	5	3062	853582
Accuracy 0.8686
10000	1000	2	5	1226	388619
Accuracy 0.8686
10000	1000	4	5	591	439889
Accuracy 0.8686
10000	1000	8	5	274	409426
Accuracy 0.8684
10000	1000	16	5	224	619888
Accuracy 0.8388
10000	1000	32	5	134	193944
Accuracy 0.93
1000	10	1	5	0	71878
Accuracy 0.93
1000	10	2	5	0	36189
Accuracy 0.93
1000	10	4	5	0	22321
Accuracy 0.93
1000	10	8	5	0	14593
Accuracy 0.93
1000	10	16	5	0	66325
Accuracy 0.93
1000	10	32	5	0	18089
Accuracy 0.957
1000	100	1	5	0	728610
Accuracy 0.912
1000	100	2	5	0	310752
Accuracy 0.904
1000	100	4	5	0	135926
Accuracy 0.873
1000	100	8	5	0	150577
Accuracy 0.911
1000	100	16	5	0	95076
Accuracy 0.937
1000	100	32	5	0	79444
Accuracy 0.884
1000	1000	1	5	7	230201
Accuracy 0.884
1000	1000	2	5	3	385694
Accuracy 0.884
1000	1000	4	5	2	160550
Accuracy 0.884
1000	1000	8	5	0	718776
Accuracy 0.849
1000	1000	16	5	0	672682
Accuracy 0.884
1000	1000	32	5	0	645513
Accuracy 0.8722
10000	10	1	5	29	81610
Accuracy 0.8722
10000	10	2	5	14	177410
Accuracy 0.8722
10000	10	4	5	8	171239
Accuracy 0.8722
10000	10	8	5	5	169420
Accuracy 0.8722
10000	10	16	5	4	766132
Accuracy 0.8722
10000	10	32	5	3	257694
Accuracy 0.9257
10000	100	1	5	306	3924
Accuracy 0.9257
10000	100	2	5	137	347459
Accuracy 0.9257
10000	100	4	5	57	938002
Accuracy 0.795
10000	100	8	5	25	1329
Accuracy 0.9257
10000	100	16	5	19	475503
Accuracy 0.8333
10000	100	32	5	19	691214
Accuracy 0.8686
10000	1000	1	5	3062	309856
Accuracy 0.8567
10000	1000	2	5	1197	73396
Accuracy 0.8686
10000	1000	4	5	583	400903
Accuracy 0.8686
10000	1000	8	5	284	801576
Accuracy 0.8686
10000	1000	16	5	168	18552
Accuracy 0.8684
10000	1000	32	5	139	915155
Accuracy 0.93
1000	10	1	5	0	71994
Accuracy 0.93
1000	10	2	5	0	36331
Accuracy 0.93
1000	10	4	5	0	19142
Accuracy 0.93
1000	10	8	5	0	21123
Accuracy 0.93
1000	10	16	5	0	41858
Accuracy 0.93
1000	10	32	5	0	12139
Accuracy 0.957
1000	100	1	5	0	727981
Accuracy 0.957
1000	100	2	5	0	352728
Accuracy 0.957
1000	100	4	5	0	143007
Accuracy 0.912
1000	100	8	5	0	105830
Accuracy 0.937
1000	100	16	5	0	143726
Accuracy 0.954
1000	100	32	5	0	88570
Accuracy 0.884
1000	1000	1	5	7	231864
Accuracy 0.884
1000	1000	2	5	3	476868
Accuracy 0.884
1000	1000	4	5	1	634423
Accuracy 0.884
1000	1000	8	5	0	763721
Accuracy 0.884
1000	1000	16	5	0	701717
Accuracy 0.884
1000	1000	32	5	0	726311
Accuracy 0.8722
10000	10	1	5	29	191786
Accuracy 0.8722
10000	10	2	5	13	37819
Accuracy 0.8722
10000	10	4	5	6	528315
Accuracy 0.8722
10000	10	8	5	4	672325
Accuracy 0.868
10000	10	16	5	3	761524
Accuracy 0.897
10000	10	32	5	2	841131
Accuracy 0.9257
10000	100	1	5	305	902141
Accuracy 0.9255
10000	100	2	5	122	995732
Accuracy 0.868
10000	100	4	5	67	328963
Accuracy 0.9257
10000	100	8	5	34	340772
Accuracy 0.9254
10000	100	16	5	18	197811
Accuracy 0.9232
10000	100	32	5	15	132772
Accuracy 0.8686
10000	1000	1	5	3062	175731
Accuracy 0.8686
10000	1000	2	5	1182	261673
Accuracy 0.8686
10000	1000	4	5	568	700752
Accuracy 0.8686
10000	1000	8	5	301	694222
Accuracy 0.8686
10000	1000	16	5	226	275623
Accuracy 0.8578
10000	1000	32	5	137	279208
