
Accuracy 0.883
1000	10	1	5	0	89865

Accuracy 0.884
1000	10	1	10	0	171654

Accuracy 0.894
1000	10	1	20	0	342431

Accuracy 0.9
1000	10	1	40	0	684263

Accuracy 0.931
1000	100	1	5	0	858721

Accuracy 0.94
1000	100	1	10	1	712840

Accuracy 0.947
1000	100	1	20	3	418157

Accuracy 0.961
1000	100	1	40	6	830715

Accuracy 0.847
1000	1000	1	5	8	570317

Accuracy 0.855
1000	1000	1	10	17	88775

Accuracy 0.865
1000	1000	1	20	34	104118

Accuracy 0.922
1000	1000	1	40	68	128600

Accuracy 0.9278
10000	10	1	5	29	708870

Accuracy 0.9278
10000	10	1	10	59	381484

Accuracy 0.9419
10000	10	1	20	118	800056

Accuracy 0.9474
10000	10	1	40	237	595431

Accuracy 0.9276
10000	100	1	5	304	938262

Accuracy 0.9603
10000	100	1	10	609	611740

Accuracy 0.9618
10000	100	1	20	1218	876389

Accuracy 0.9632
10000	100	1	40	2436	324807

Accuracy 0.883
1000	10	1	5	0	85940

Accuracy 0.883
1000	10	2	5	0	43492

Accuracy 0.883
1000	10	4	5	0	45904

Accuracy 0.883
1000	10	8	5	0	35587

Accuracy 0.883
1000	10	16	5	0	79510

Accuracy 0.883
1000	10	32	5	0	19444

Accuracy 0.931
1000	100	1	5	0	858199

Accuracy 0.931
1000	100	2	5	0	434047

Accuracy 0.931
1000	100	4	5	0	223381

Accuracy 0.931
1000	100	8	5	0	221763

Accuracy 0.931
1000	100	16	5	0	155643

Accuracy 0.931
1000	100	32	5	0	139848

Accuracy 0.847
1000	1000	1	5	8	548465

Accuracy 0.847
1000	1000	2	5	4	299483

Accuracy 0.847
1000	1000	4	5	2	192733

Accuracy 0.847
1000	1000	8	5	2	173524

Accuracy 0.847
1000	1000	16	5	1	137085

Accuracy 0.847
1000	1000	32	5	1	165778

Accuracy 0.9278
10000	10	1	5	29	696247

Accuracy 0.9278
10000	10	2	5	15	193450

Accuracy 0.9278
10000	10	4	5	8	881206

Accuracy 0.9278
10000	10	8	5	6	135611

Accuracy 0.9278
10000	10	16	5	4	581121

Accuracy 0.9278
10000	10	32	5	4	507313

Accuracy 0.9276
10000	100	1	5	304	601528

Accuracy 0.9276
10000	100	2	5	152	617009

Accuracy 0.9276
10000	100	4	5	76	427595

Accuracy 0.9276
10000	100	8	5	56	845172

Accuracy 0.9276
10000	100	16	5	30	118970

Accuracy 0.9276
10000	100	32	5	31	215620

Accuracy 0.8491
10000	1000	1	5	3048	151555

Accuracy 0.8491
10000	1000	2	5	1524	701284

Accuracy 0.8491
10000	1000	4	5	762	936616

Accuracy 0.8491
10000	1000	8	5	382	667487

Accuracy 0.8491
10000	1000	16	5	283	846561

Accuracy 0.8491
10000	1000	32	5	290	974683

Accuracy 0.884
1000	10	1	10	0	171380

Accuracy 0.884
1000	10	2	10	0	87002

Accuracy 0.884
1000	10	4	10	0	58722

Accuracy 0.884
1000	10	8	10	0	48398

Accuracy 0.884
1000	10	16	10	0	94432

Accuracy 0.884
1000	10	32	10	0	38098

Accuracy 0.94
1000	100	1	10	1	709904

Accuracy 0.94
1000	100	2	10	0	861977

Accuracy 0.94
1000	100	4	10	0	459485

Accuracy 0.94
1000	100	8	10	0	432933

Accuracy 0.94
1000	100	16	10	0	323462

Accuracy 0.94
1000	100	32	10	0	260957

Accuracy 0.855
1000	1000	1	10	17	36465

Accuracy 0.855
1000	1000	2	10	8	548971

Accuracy 0.855
1000	1000	4	10	4	311796

Accuracy 0.855
1000	1000	8	10	2	209610

Accuracy 0.855
1000	1000	16	10	2	214671

Accuracy 0.855
1000	1000	32	10	2	255994

Accuracy 0.9278
10000	10	1	10	59	343546

Accuracy 0.9278
10000	10	2	10	30	365432

Accuracy 0.9278
10000	10	4	10	17	723405

Accuracy 0.9278
10000	10	8	10	12	224616

Accuracy 0.9278
10000	10	16	10	9	153924

Accuracy 0.9278
10000	10	32	10	8	983983

Accuracy 0.9603
10000	100	1	10	609	137351



Accuracy 0.497
1000	10	1	0	0	583

Accuracy 0.497
1000	10	2	0	0	564

Accuracy 0.497
1000	10	4	0	0	549

Accuracy 0.497
1000	10	8	0	0	546

Accuracy 0.497
1000	10	16	0	0	553

Accuracy 0.497
1000	10	32	0	0	558

Accuracy 0.501
1000	100	1	0	0	5484

Accuracy 0.501
1000	100	2	0	0	5391

Accuracy 0.501
1000	100	4	0	0	5322

Accuracy 0.501
1000	100	8	0	0	5263

Accuracy 0.501
1000	100	16	0	0	5222

Accuracy 0.501
1000	100	32	0	0	5282

Accuracy 0.504
1000	1000	1	0	0	54991

Accuracy 0.504
1000	1000	2	0	0	53918

Accuracy 0.504
1000	1000	4	0	0	53745

Accuracy 0.504
1000	1000	8	0	0	54701

Accuracy 0.504
1000	1000	16	0	0	54514

Accuracy 0.504
1000	1000	32	0	0	54437

Accuracy 0.5002
10000	10	1	0	0	6683

Accuracy 0.5002
10000	10	2	0	0	6692

Accuracy 0.5002
10000	10	4	0	0	6535

Accuracy 0.5002
10000	10	8	0	0	6624

Accuracy 0.5002
10000	10	16	0	0	6606

Accuracy 0.5002
10000	10	32	0	0	6555

Accuracy 0.5006
10000	100	1	0	0	66006

Accuracy 0.5006
10000	100	2	0	0	65758

Accuracy 0.5006
10000	100	4	0	0	65680

Accuracy 0.497
1000	10	1	0	0	574

Accuracy 0.497
1000	10	2	0	0	579

Accuracy 0.497
1000	10	4	0	0	548

Accuracy 0.497
1000	10	8	0	0	549

Accuracy 0.497
1000	10	16	0	0	546

Accuracy 0.497
1000	10	32	0	0	595

Accuracy 0.501
1000	100	1	0	0	5285

Accuracy 0.501
1000	100	2	0	0	5253

Accuracy 0.501
1000	100	4	0	0	5244

Accuracy 0.501
1000	100	8	0	0	5263

Accuracy 0.501
1000	100	16	0	0	5237

Accuracy 0.501
1000	100	32	0	0	5195

Accuracy 0.504
1000	1000	1	0	0	55034

Accuracy 0.883
1000	10	1	5	0	85957

Accuracy 0.883
1000	10	2	5	0	43441

Accuracy 0.883
1000	10	4	5	0	29892

Accuracy 0.883
1000	10	8	5	0	28293

Accuracy 0.883
1000	10	16	5	0	95921

Accuracy 0.883
1000	10	32	5	0	25953

Accuracy 0.931
1000	100	1	5	0	857707

Accuracy 0.931
1000	100	2	5	0	431171

Accuracy 0.931
1000	100	4	5	0	221386

Accuracy 0.931
1000	100	8	5	0	222274

Accuracy 0.931
1000	100	16	5	0	210529

Accuracy 0.931
1000	100	32	5	0	167961

Accuracy 0.847
1000	1000	1	5	8	551287

Accuracy 0.883
1000	10	1	5	0	85913

Accuracy 0.883
1000	10	2	5	0	43520

Accuracy 0.883
1000	10	4	5	0	34691

Accuracy 0.883
1000	10	8	5	0	20191

Accuracy 0.883
1000	10	16	5	0	92498

Accuracy 0.883
1000	10	32	5	0	19112

Accuracy 0.931
1000	100	1	5	0	858082

Accuracy 0.931
1000	100	2	5	0	431186

Accuracy 0.931
1000	100	4	5	0	222851

Accuracy 0.931
1000	100	8	5	0	257043

Accuracy 0.931
1000	100	16	5	0	202719

Accuracy 0.931
1000	100	32	5	0	155616

Accuracy 0.847
1000	1000	1	5	8	552131

Accuracy 0.847
1000	1000	2	5	4	300526

Accuracy 0.847
1000	1000	4	5	2	193465

Accuracy 0.847
1000	1000	8	5	2	150938

Accuracy 0.847
1000	1000	16	5	1	136145

Accuracy 0.847
1000	1000	32	5	1	151109

Accuracy 0.9278
10000	10	1	5	29	676632

Accuracy 0.9278
10000	10	2	5	15	177550

Accuracy 0.9278
10000	10	4	5	8	864484

Accuracy 0.9278
10000	10	8	5	6	122365

Accuracy 0.9278
10000	10	16	5	4	555823

Accuracy 0.9278
10000	10	32	5	4	504305

Accuracy 0.9276
10000	100	1	5	304	607546

Accuracy 0.9276
10000	100	2	5	152	608108

Accuracy 0.9276
10000	100	4	5	76	409624

Accuracy 0.9276
10000	100	8	5	57	226914

Accuracy 0.9276
10000	100	16	5	31	515621

Accuracy 0.9276
10000	100	32	5	31	294487

Accuracy 0.8491
10000	1000	1	5	3048	57185

Accuracy 0.8491
10000	1000	2	5	1524	758103

Accuracy 0.8491
10000	1000	4	5	764	233793

Accuracy 0.8491
10000	1000	8	5	410	201796

Accuracy 0.8491
10000	1000	16	5	283	394305

Accuracy 0.8491
10000	1000	32	5	291	436088

Accuracy 0.883
1000	10	1	5	0	86170

Accuracy 0.883
1000	10	2	5	0	43717

Accuracy 0.883
1000	10	4	5	0	30396

Accuracy 0.883
1000	10	8	5	0	24109

Accuracy 0.883
1000	10	16	5	0	130702

Accuracy 0.883
1000	10	32	5	0	18983

Accuracy 0.931
1000	100	1	5	0	858035

Accuracy 0.931
1000	100	2	5	0	432454

Accuracy 0.931
1000	100	4	5	0	222810

Accuracy 0.931
1000	100	8	5	0	231142

Accuracy 0.931
1000	100	16	5	0	190603

Accuracy 0.931
1000	100	32	5	0	142470

Accuracy 0.847
1000	1000	1	5	8	550975

Accuracy 0.847
1000	1000	2	5	4	300754

Accuracy 0.847
1000	1000	4	5	2	189392

Accuracy 0.847
1000	1000	8	5	2	176835

Accuracy 0.847
1000	1000	16	5	1	155701

Accuracy 0.847
1000	1000	32	5	1	153115

Accuracy 0.9278
10000	10	1	5	29	675757

Accuracy 0.9278
10000	10	2	5	15	174676

Accuracy 0.9278
10000	10	4	5	8	864285

Accuracy 0.9278
10000	10	8	5	6	123486

Accuracy 0.9278
10000	10	16	5	4	556029

Accuracy 0.9278
10000	10	32	5	4	514244

Accuracy 0.9276
10000	100	1	5	304	612987

Accuracy 0.9276
10000	100	2	5	152	608089

Accuracy 0.9276
10000	100	4	5	76	414880

Accuracy 0.9276
10000	100	8	5	39	779700

Accuracy 0.9276
10000	100	16	5	31	500792

Accuracy 0.9276
10000	100	32	5	31	382189

Accuracy 0.8491
10000	1000	1	5	3048	150061

Accuracy 0.8491
10000	1000	2	5	1525	132765

Accuracy 0.8491
10000	1000	4	5	762	908673

Accuracy 0.8491
10000	1000	8	5	408	427856

Accuracy 0.8491
10000	1000	16	5	283	169292

Accuracy 0.8491
10000	1000	32	5	290	673547

Accuracy 0.883
1000	10	1	5	0	85889

Accuracy 0.883
1000	10	2	5	0	43733

Accuracy 0.883
1000	10	4	5	0	45592

Accuracy 0.883
1000	10	8	5	0	27646

Accuracy 0.883
1000	10	16	5	0	71601

Accuracy 0.883
1000	10	32	5	0	19041

Accuracy 0.931
1000	100	1	5	0	857772

Accuracy 0.931
1000	100	2	5	0	435926

Accuracy 0.931
1000	100	4	5	0	222583

Accuracy 0.931
1000	100	8	5	0	219796

Accuracy 0.931
1000	100	16	5	0	200207

Accuracy 0.931
1000	100	32	5	0	162950

Accuracy 0.847
1000	1000	1	5	8	551123

Accuracy 0.847
1000	1000	2	5	4	302395

Accuracy 0.847
1000	1000	4	5	2	196230

Accuracy 0.847
1000	1000	8	5	1	162813

Accuracy 0.847
1000	1000	16	5	1	164417

Accuracy 0.847
1000	1000	32	5	1	163878

Accuracy 0.9278
10000	10	1	5	29	676884

Accuracy 0.9278
10000	10	2	5	15	175085

Accuracy 0.9278
10000	10	4	5	8	866409

Accuracy 0.9278
10000	10	8	5	6	122327

Accuracy 0.9278
10000	10	16	5	4	593431

Accuracy 0.9278
10000	10	32	5	4	500763

Accuracy 0.9276
10000	100	1	5	304	572323

Accuracy 0.9276
10000	100	2	5	152	617538

Accuracy 0.9276
10000	100	4	5	76	414941

Accuracy 0.9276
10000	100	8	5	57	380140

Accuracy 0.9276
10000	100	16	5	31	836474

Accuracy 0.9276
10000	100	32	5	31	868697

Accuracy 0.8491
10000	1000	1	5	3049	888080

Accuracy 0.8491
10000	1000	2	5	1530	23988

Accuracy 0.8491
10000	1000	4	5	764	344008

Accuracy 0.8491
10000	1000	8	5	394	963254

Accuracy 0.8491
10000	1000	16	5	284	56685

Accuracy 0.8491
10000	1000	32	5	294	331756

Accuracy 0.883
1000	10	1	5	0	86285

Accuracy 0.883
1000	10	2	5	0	43773

Accuracy 0.883
1000	10	4	5	0	35089

Accuracy 0.883
1000	10	8	5	0	52402

Accuracy 0.883
1000	10	16	5	0	68923

Accuracy 0.883
1000	10	32	5	0	19176

Accuracy 0.931
1000	100	1	5	0	858525

Accuracy 0.931
1000	100	2	5	0	434620

Accuracy 0.931
1000	100	4	5	0	223901

Accuracy 0.931
1000	100	8	5	0	221690

Accuracy 0.931
1000	100	16	5	0	189370

Accuracy 0.931
1000	100	32	5	0	127646

Accuracy 0.847
1000	1000	1	5	8	563006

Accuracy 0.847
1000	1000	2	5	4	338631

Accuracy 0.847
1000	1000	4	5	4	311066

Accuracy 0.847
1000	1000	8	5	2	180755

Accuracy 0.847
1000	1000	16	5	1	196163

Accuracy 0.847
1000	1000	32	5	1	157906

Accuracy 0.9278
10000	10	1	5	29	700999

Accuracy 0.9278
10000	10	2	5	15	217106

Accuracy 0.9278
10000	10	4	5	8	893459

Accuracy 0.9278
10000	10	8	5	6	138465

Accuracy 0.9278
10000	10	16	5	4	588425

Accuracy 0.9278
10000	10	32	5	4	513917

Accuracy 0.9276
10000	100	1	5	304	787872

Accuracy 0.9276
10000	100	2	5	153	9603

Accuracy 0.9276
10000	100	4	5	76	552904

Accuracy 0.9276
10000	100	8	5	57	68978

Accuracy 0.9276
10000	100	16	5	30	200149

Accuracy 0.9276
10000	100	32	5	31	625215

Accuracy 0.8491
10000	1000	1	5	3050	217717

Accuracy 0.8491
10000	1000	2	5	1530	395356

Accuracy 0.8491
10000	1000	4	5	764	366993

Accuracy 0.8491
10000	1000	8	5	384	475358

Accuracy 0.8491
10000	1000	16	5	283	359653

Accuracy 0.8491
10000	1000	32	5	291	779817

Accuracy 0.883
1000	10	1	5	0	86125

Accuracy 0.883
1000	10	2	5	0	43620

Accuracy 0.883
1000	10	4	5	0	28673

Accuracy 0.883
1000	10	8	5	0	20267

Accuracy 0.883
1000	10	16	5	0	88771

Accuracy 0.883
1000	10	32	5	0	18982

Accuracy 0.931
1000	100	1	5	0	857789

Accuracy 0.931
1000	100	2	5	0	433588

Accuracy 0.931
1000	100	4	5	0	222916

Accuracy 0.931
1000	100	8	5	0	249231

Accuracy 0.931
1000	100	16	5	0	161171

Accuracy 0.931
1000	100	32	5	0	142892

Accuracy 0.847
1000	1000	1	5	8	550594

Accuracy 0.847
1000	1000	2	5	4	321129

Accuracy 0.847
1000	1000	4	5	2	198551

Accuracy 0.847
1000	1000	8	5	2	126966

Accuracy 0.847
1000	1000	16	5	1	146062

Accuracy 0.847
1000	1000	32	5	1	158753

Accuracy 0.9278
10000	10	1	5	29	680059

Accuracy 0.9278
10000	10	2	5	15	176917

Accuracy 0.9278
10000	10	4	5	11	415559

Accuracy 0.9278
10000	10	8	5	6	122346

Accuracy 0.9278
10000	10	16	5	4	525134

Accuracy 0.9278
10000	10	32	5	4	505404

Accuracy 0.9276
10000	100	1	5	304	617486

Accuracy 0.9276
10000	100	2	5	152	613156

Accuracy 0.9276
10000	100	4	5	76	476629

Accuracy 0.9276
10000	100	8	5	56	991336

Accuracy 0.9276
10000	100	16	5	30	276853

Accuracy 0.9276
10000	100	32	5	31	427644

Accuracy 0.8491
10000	1000	1	5	3048	120469

Accuracy 0.8491
10000	1000	2	5	1524	692635

Accuracy 0.8491
10000	1000	4	5	762	920338

Accuracy 0.8491
10000	1000	8	5	383	779908

Accuracy 0.8491
10000	1000	16	5	283	737970

Accuracy 0.8491
10000	1000	32	5	291	13839
