Accuracy 0.93
1000	10	1	5	0	80405
Accuracy 0.93
1000	10	2	5	0	45878
Accuracy 0.93
1000	10	4	5	0	44764
Accuracy 0.93
1000	10	8	5	0	21435
Accuracy 0.93
1000	10	16	5	0	160158
Accuracy 0.93
1000	10	32	5	0	30792
Accuracy 0.957
1000	100	1	5	0	818134
Accuracy 0.957
1000	100	2	5	0	461008
Accuracy 0.957
1000	100	4	5	0	364295
Accuracy 0.957
1000	100	8	5	0	309116
Accuracy 0.957
1000	100	16	5	0	292879
Accuracy 0.957
1000	100	32	5	0	310450
Accuracy 0.884
1000	1000	1	5	8	97177
Accuracy 0.884
1000	1000	2	5	4	559591
Accuracy 0.884
1000	1000	4	5	2	617360
Accuracy 0.884
1000	1000	8	5	1	383547
Accuracy 0.884
1000	1000	16	5	1	690686
Accuracy 0.884
1000	1000	32	5	3	71352
Accuracy 0.8722
10000	10	1	5	27	908917
Accuracy 0.8722
10000	10	2	5	14	658564
Accuracy 0.8722
10000	10	4	5	7	922453
Accuracy 0.8722
10000	10	8	5	4	119734
Accuracy 0.8722
10000	10	16	5	3	69135
Accuracy 0.8722
10000	10	32	5	3	114830
Accuracy 0.9257
10000	100	1	5	289	650411
Accuracy 0.9257
10000	100	2	5	151	683589
Accuracy 0.9257
10000	100	4	5	83	330549
Accuracy 0.9257
10000	100	8	5	47	404082
Accuracy 0.9257
10000	100	16	5	32	51373
Accuracy 0.9257
10000	100	32	5	31	413273
Accuracy 0.8686
10000	1000	1	5	2897	108602
Accuracy 0.8686
10000	1000	2	5	1517	388619
Accuracy 0.8686
10000	1000	4	5	834	282216
Accuracy 0.8686
10000	1000	8	5	435	670003
Accuracy 0.8686
10000	1000	16	5	310	719911
Accuracy 0.8686
10000	1000	32	5	313	259253
Accuracy 0.93
1000	10	1	5	0	80273
Accuracy 0.93
1000	10	2	5	0	45445
Accuracy 0.93
1000	10	4	5	0	41071
Accuracy 0.93
1000	10	8	5	0	18159
Accuracy 0.93
1000	10	16	5	0	125355
Accuracy 0.93
1000	10	32	5	0	31600
Accuracy 0.957
1000	100	1	5	0	817566
Accuracy 0.957
1000	100	2	5	0	461100
Accuracy 0.957
1000	100	4	5	0	562852
Accuracy 0.957
1000	100	8	5	0	286312
Accuracy 0.957
1000	100	16	5	0	344553
Accuracy 0.957
1000	100	32	5	0	311909
Accuracy 0.884
1000	1000	1	5	8	269183
Accuracy 0.884
1000	1000	2	5	4	565887
Accuracy 0.884
1000	1000	4	5	2	448965
Accuracy 0.884
1000	1000	8	5	1	450618
Accuracy 0.884
1000	1000	16	5	1	589780
Accuracy 0.884
1000	1000	32	5	3	67429
Accuracy 0.8722
10000	10	1	5	27	904227
Accuracy 0.8722
10000	10	2	5	14	655405
Accuracy 0.8722
10000	10	4	5	7	921021
Accuracy 0.8722
10000	10	8	5	4	118246
Accuracy 0.8722
10000	10	16	5	3	1658
Accuracy 0.8722
10000	10	32	5	3	90976
Accuracy 0.9257
10000	100	1	5	289	685301
Accuracy 0.9257
10000	100	2	5	151	573737
Accuracy 0.9257
10000	100	4	5	83	299303
Accuracy 0.9257
10000	100	8	5	45	234131
Accuracy 0.9257
10000	100	16	5	30	374528
Accuracy 0.9257
10000	100	32	5	31	412217
Accuracy 0.8686
10000	1000	1	5	2896	708858
Accuracy 0.8686
10000	1000	2	5	1517	749256
Accuracy 0.8686
10000	1000	4	5	834	242324
Accuracy 0.8686
10000	1000	8	5	440	607618
Accuracy 0.8686
10000	1000	16	5	309	919802
Accuracy 0.8686
10000	1000	32	5	313	201705
Accuracy 0.93
1000	10	1	5	0	80220
Accuracy 0.93
1000	10	2	5	0	45509
Accuracy 0.93
1000	10	4	5	0	24814
Accuracy 0.93
1000	10	8	5	0	24923
Accuracy 0.93
1000	10	16	5	0	173786
Accuracy 0.93
1000	10	32	5	0	32792
Accuracy 0.957
1000	100	1	5	0	817384
Accuracy 0.957
1000	100	2	5	0	461020
Accuracy 0.957
1000	100	4	5	0	335705
Accuracy 0.957
1000	100	8	5	0	250195
Accuracy 0.957
1000	100	16	5	0	198254
Accuracy 0.957
1000	100	32	5	0	314261
Accuracy 0.884
1000	1000	1	5	8	116595
Accuracy 0.884
1000	1000	2	5	4	559501
Accuracy 0.884
1000	1000	4	5	2	447450
Accuracy 0.884
1000	1000	8	5	2	632511
Accuracy 0.884
1000	1000	16	5	1	965177
Accuracy 0.884
1000	1000	32	5	3	69093
Accuracy 0.8722
10000	10	1	5	27	901434
Accuracy 0.8722
10000	10	2	5	14	653022
Accuracy 0.8722
10000	10	4	5	7	923707
Accuracy 0.8722
10000	10	8	5	5	703949
Accuracy 0.8722
10000	10	16	5	2	925834
Accuracy 0.8722
10000	10	32	5	3	14006
Accuracy 0.9257
10000	100	1	5	289	744875
Accuracy 0.9257
10000	100	2	5	151	608789
Accuracy 0.9257
10000	100	4	5	83	311654
Accuracy 0.9257
10000	100	8	5	43	542477
Accuracy 0.9257
10000	100	16	5	31	241173
Accuracy 0.9257
10000	100	32	5	31	407807
